[General]
Version=5.0
Date=28/06/2022
Time=13:48:41
Description=PAN_KW_001
Author=AZtec
JobMode=RegularGrid
SampleSymmetry=
ProjectFile=F:\data\Markus\PAN_KW_001\PAN_KW_001.oip
Notes=
ProjectNotes=

Duration=0:0:17
PerCycle=0.001281988

[Job]
Magnification=5482
kV=20
TiltAngle=69.9999928410086
TiltAxis=0.00
Coverage=63.81203
Device=Beam
Automatic=True
NoOfPoints=20433
GridDistX=0.9
GridDistY=0.9
GridDist=0.9
xCells=147
yCells=139

[SEMFields]
DOEuler1=359.362581199395
DOEuler2=95.0538326863541
DOEuler3=359.518277148352

[StagePosition]
XPos=67.04357
YPos=26.8152
ZPos=0
RPos=150.468734741211
TPos=69.9999928410086
ZValid=True

[Acquisition Surface]
Euler1=0.0
Euler2=0.0
Euler3=0.0

[Fields]
Count=9
Field1=3
Field2=4
Field3=5
Field4=6
Field5=7
Field6=8
Field7=10
Field8=11
Field9=12

[Phases]
Count=4

[Phase1]
StructureName=Apatite
Reference=American Mineralogist, (1990), vol. 75, pages 295-304
Enabled=True
a=9.46150016784668
b=9.46150016784668
c=6.84910011291504
alpha=90
beta=90
gamma=120
LaueGroup=8
SpaceGroup=176
ID1=
ID2=
NumberOfReflectors=48

[Phase2]
StructureName=Apatite
Reference=American Mineralogist, (1991), vol. 76, pages 1857-1862
Enabled=True
a=9.37860012054443
b=9.37860012054443
c=6.89219999313354
alpha=90
beta=90
gamma=120
LaueGroup=8
SpaceGroup=176
ID1=
ID2=
NumberOfReflectors=48

[Phase3]
StructureName=Hydroxylapatite
Reference=American Mineralogist, (1989), vol. 74, pages 870-876
Enabled=True
a=9.41660022735596
b=9.41660022735596
c=6.87449979782104
alpha=90
beta=90
gamma=120
LaueGroup=8
SpaceGroup=176
ID1=
ID2=
NumberOfReflectors=45

[Phase4]
StructureName=Apatite_mix_1
Reference=[Apatite_mix_1.cry]
Enabled=True
a=9.36600017547607
b=9.36600017547607
c=6.88000011444092
alpha=90
beta=90
gamma=120
LaueGroup=8
SpaceGroup=176
ID1=
ID2=
NumberOfReflectors=48

[EDX Windows]
Count=0
