[General]
Version=5.0
Date=29/07/2020
Time=15:26:01
Description=Panderodus
Author=AZtec
JobMode=RegularGrid
SampleSymmetry=
ProjectFile=E:\01 The gates of madness\04 Publications\06 EBSD\02 EBSD data\Panderodus\Panderodus\Panderodus.oip
Notes=
ProjectNotes=

Duration=0:42:50
PerCycle=0.06603304

[Job]
Magnification=1599
kV=15
TiltAngle=70.0003750000117
TiltAxis=0.00
Coverage=46.7266
Device=Beam
Automatic=True
NoOfPoints=107700
GridDistX=0.531493675002698
GridDistY=0.531493675002698
GridDist=0.531493675002698
xCells=359
yCells=300

[SEMFields]
DOEuler1=0.341801036952297
DOEuler2=95.906466976681
DOEuler3=359.480937843805

[StagePosition]
XPos=0.59912
YPos=16.46927
ZPos=3
RPos=-0.606835186481476
TPos=0.000375000011685971
ZValid=True

[Acquisition Surface]
Euler1=0.0
Euler2=0.0
Euler3=0.0

[Fields]
Count=9
Field1=3
Field2=4
Field3=5
Field4=6
Field5=7
Field6=8
Field7=10
Field8=11
Field9=12

[Phases]
Count=2

[Phase1]
StructureName=Apatite
Reference=American Mineralogist, (1991), Vol. 76, Seiten 1165-1173
Enabled=True
a=9.39949989318848
b=9.39949989318848
c=6.89410018920898
alpha=90
beta=90
gamma=120
LaueGroup=8
SpaceGroup=176
ID1=
ID2=
NumberOfReflectors=84

[Phase2]
StructureName=Hydroxylapatite
Reference=American Mineralogist, (1989), vol. 74, pages 870-876
Enabled=True
a=9.41660022735596
b=9.41660022735596
c=6.87449979782104
alpha=90
beta=90
gamma=120
LaueGroup=8
SpaceGroup=176
ID1=
ID2=
NumberOfReflectors=102

[EDX Windows]
Count=0
