[General]
Version=5.0
Date=29/07/2020
Time=12:47:00
Description=Proconodont001
Author=AZtec
JobMode=RegularGrid
SampleSymmetry=
ProjectFile=E:\Proconodont\Proconodont001\Proconodont001.oip
Notes=
ProjectNotes=

Duration=1:47:57
PerCycle=0.03402034

[Job]
Magnification=1300
kV=15
TiltAngle=70.0003750000117
TiltAxis=0.00
Coverage=45.11541
Device=Beam
Automatic=True
NoOfPoints=425847
GridDistX=0.326868610126659
GridDistY=0.326868610126659
GridDist=0.326868610126659
xCells=723
yCells=589

[SEMFields]
DOEuler1=0.341801036952297
DOEuler2=95.9077891869275
DOEuler3=359.480937843805

[StagePosition]
XPos=0.8259
YPos=18.55085
ZPos=6
RPos=-0.607264339923859
TPos=0.000375000011685971
ZValid=True

[Acquisition Surface]
Euler1=0.0
Euler2=0.0
Euler3=0.0

[Fields]
Count=9
Field1=3
Field2=4
Field3=5
Field4=6
Field5=7
Field6=8
Field7=10
Field8=11
Field9=12

[Phases]
Count=2

[Phase1]
StructureName=Apatite
Reference=American Mineralogist, (1991), Vol. 76, Seiten 1165-1173
Enabled=True
a=9.39949989318848
b=9.39949989318848
c=6.89410018920898
alpha=90
beta=90
gamma=120
LaueGroup=8
SpaceGroup=176
ID1=
ID2=
NumberOfReflectors=72

[Phase2]
StructureName=Hydroxylapatite
Reference=American Mineralogist, (1989), vol. 74, pages 870-876
Enabled=True
a=9.41660022735596
b=9.41660022735596
c=6.87449979782104
alpha=90
beta=90
gamma=120
LaueGroup=8
SpaceGroup=176
ID1=
ID2=
NumberOfReflectors=102

[EDX Windows]
Count=0
